NDIM 3
MAX_LEVEL 3

DATA_TABLE
0.478131037911 0.0830237189451 0.543180758017 0.692782257096
0.396991591071 0.538753598071 0.238951816561 0.453484019775
0.729413653746 0.95197997184 0.211827039731 0.91584380857
0.711048089151 0.782658798883 0.528640619001 0.640988003344
0.471475991906 0.907587744686 0.907529236138 0.183842512531
0.237225836991 0.11268012728 0.98878791806 0.945655123818
0.113852497018 0.786420657101 0.270951812419 0.490090294093
0.022292486765 0.443441110356 0.158594184333 0.877519967717
