8.07863732582 6.89913788283 9.65340224098 4.65855289466
2.88736973841 7.27851173799 2.18154903957 2.54048576876
4.04134461747 7.47589619406 5.26357492455 3.28074786709
7.30918042607 2.54359931302 1.7726482863 4.88680393164
7.52561646034 6.61883806964 1.69578839474 5.72902598104
5.86769959789 8.59627770166 7.89272514467 4.74125463299
7.65744073601 4.33857287375 4.85858435305 4.06937502896
3.77954000327 9.51490340284 8.18864353524 8.15764903562
2.01243115106 6.47354043358 9.2865473691 2.01670960163
6.95064297481 8.05219452269 8.82407485682 3.25577533103
